camera 10 5 5 10 5 0 0 1 0
screen 90 2 0.3 200

model 9 16 0 18 32 1


#верхушка шляпы
color 97 59 59
mesh 4 2 

7 29 0 0 0 1
6 27 0 0 0 1
12 27 0 0 0 1
11 29 0 0 0 1
#треугольники
0 1 3
1 2 3


#низ шляпы
color 95 28 28
mesh 4 2

4 27 0 0 0 1
4 26 0 0 0 1
14 26 0 0 0 1
14 27 0 0 0 1
#треугольники
0 1 3
1 2 3

#левая волосня
color 0 153 0
mesh 10 8

4 26 0 0 0 1
2 24 0 0 0 1
3 24 0 0 0 1
1 22 0 0 0 1
3 22 0 0 0 1
2 20 0 0 0 1
4 21 0 0 0 1
4 19 0 0 0 1
5 20 0 0 0 1
5 26 0 0 0 1
#треугольники
0 1 2
2 3 4
4 5 6
6 7 8
0 2 9
2 4 9
4 6 9
6 8 9

#правая волосня
color 0 153 0
mesh 10 8

14 26 0 0 0 1
16 24 0 0 0 1
15 24 0 0 0 1
17 22 0 0 0 1
15 22 0 0 0 1
16 20 0 0 0 1
14 21 0 0 0 1
14 19 0 0 0 1
13 20 0 0 0 1
13 26 0 0 0 1
#треугольники
0 1 2
2 3 4
4 5 6
6 7 8
0 2 9
2 4 9
4 6 9
6 8 9


#левый глаз внешний контур
color 255 255 255
mesh 6 3

6 23 0 0 0 1
6 25 0 0 0 1
7 26 0 0 0 1
8 25 0 0 0 1
8 23 0 0 0 1
7 25 0 0 0 1
#треугольники
0 1 5
1 2 3
3 4 5

#левый глаз внутренний контур
color 0 0 0
mesh 3 1

6 23 0 0 0 1
7 25 0 0 0 1
8 23 0 0 0 1
#треугольники
0 1 2


#правый глаз внешний контур
color 255 255 255
mesh 6 3

10 23 0 0 0 1
10 25 0 0 0 1
11 26 0 0 0 1
12 25 0 0 0 1
12 23 0 0 0 1
11 25 0 0 0 1
#треугольники
0 1 5
1 2 3
3 4 5

#правый глаз внутренний контур
color 0 0 0
mesh 3 1

10 23 0 0 0 1
11 25 0 0 0 1
12 23 0 0 0 1
#треугольники
0 1 2


#нос
color 255 0 0
mesh 8 6

7 21.5 0 0 0 1
7 22.5 0 0 0 1
8 23 0 0 0 1
10 23 0 0 0 1
11 22.5 0 0 0 1
11 21.5 0 0 0 1
10 21 0 0 0 1
8 21 0 0 0 1
#треугольники
0 1 2
0 2 7
2 3 7
3 6 7
3 4 5
3 5 6

#рот
color 255 51 153
mesh 7 5
6 20 0 0 0 1
6 22 0 0 0 1
8 21 0 0 0 1
10 21 0 0 0 1
12 22 0 0 0 1
12 20 0 0 0 1
9 19 0 0 0 1
#треугольники
0 1 2
0 2 6
2 3 6
3 5 6
3 4 5

#левая щека
color 255 255 204
mesh 10 7
5 26 0 0 0 1
7 26 0 0 0 1
6 25 0 0 0 1
6 23 0 0 0 1
8 23 0 0 0 1
7 22.5 0 0 0 1
7 21.5 0 0 0 1
6 22 0 0 0 1
6 20 0 0 0 1
5 20 0 0 0 1
#треугольники
0 1 2
0 2 7
0 7 9
7 8 9
3 4 5
3 5 6
3 6 7

#правая щека
color 255 255 204
mesh 10 7
13 26 0 0 0 1
11 26 0 0 0 1
12 25 0 0 0 1
12 23 0 0 0 1
10 23 0 0 0 1
11 22.5 0 0 0 1
11 21.5 0 0 0 1
12 22 0 0 0 1
12 20 0 0 0 1
13 20 0 0 0 1
#треугольники
0 1 2
0 2 7
0 7 9
7 8 9
3 4 5
3 5 6
3 6 7



#междуглазье
color 255 255 204
mesh 6 4

7 26 0 0 0 1
8 25 0 0 0 1
8 23 0 0 0 1
10 23 0 0 0 1
10 25 0 0 0 1
11 26 0 0 0 1
#треугольники
0 1 5
1 4 5
1 2 4
2 3 4


#подбородок
color 255 255 204
mesh 7 5

5 20 0 0 0 1
6 20 0 0 0 1
9 19 0 0 0 1
12 20 0 0 0 1
13 20 0 0 0 1
10 18 0 0 0 1
8 18 0 0 0 1
#треугольники
0 1 2
0 2 6
2 5 6
2 4 5
2 3 4


#галстук петля внешняя часть
color 0 255 0
mesh 10 8

8 18 0 0 0 1
7 17 0 0 0 1
8 16 0 0 0 1
10 16 0 0 0 1
11 17 0 0 0 1 
10 18 0 0 0 1
8 17 0 0 0 1
10 17 0 0 0 1
9 18 0 0 0 1
9 16 0 0 0 1
#треугольники
0 6 8
0 1 6
1 2 6
2 6 9
5 7 8
4 5 7
3 4 7
3 7 9



#галстук петля внтуренняя часть
color 255 255 0
mesh 4 2

8 17 0 0 0 1
9 18 0 0 0 1
10 17 0 0 0 1
9 16 0 0 0 1
#треугольники
0 1 2
0 2 3


#гастук длинная часть
color 0 255 0
mesh 5 3

8 16 0 0 0 1
7 12 0 0 0 1
9 10 0 0 0 1
11 12 0 0 0 1
10 16 0 0 0 1
#тругольники
0 1 4
1 3 4
1 2 3



#левый крест
color 255 0 0
mesh 12 10

5 15 0 0 0 1
5 14 0 0 0 1
6 14 0 0 0 1
6 13 0 0 0 1
7 13 0 0 0 1
7 14 0 0 0 1
7.5 14 0 0 0 1
7.7 15 0 0 0 1
7 15 0 0 0 1
7 16 0 0 0 1
6 16 0 0 0 1
6 15 0 0 0 1
#triangles
0 1 11
1 2 11
2 3 5
3 4 5
5 6 7
5 7 8
9 10 11
8 9 11
2 8 11
2 8 5



#левый бок над крестом
color 0 0 255
mesh 10 8

5 17 0 0 0 1
5 15 0 0 0 1
6 15 0 0 0 1
6 16 0 0 0 1
7 16 0 0 0 1
7 15 0 0 0 1
7.7 15 0 0 0 1
8 16 0 0 0 1
7 17 0 0 0 1
8 18 0 0 0 1
#triangles
0 8 9
0 3 8
3 4 8
4 7 8
4 5 7
5 6 7
0 1 3
1 2 3


#левый бок под крестом
color 0 0 255
mesh 10 7

5 14 0 0 0 1
5 9 0 0 0 1
9 9 0 0 0 1
9 10 0 0 0 1
7 12 0 0 0 1
7.5 14 0 0 0 1
7 14 0 0 0 1
7 13 0 0 0 1
6 13 0 0 0 1
6 14 0 0 0 1
#triangles
0 8 9
0 1 8
1 4 8
4 7 8
4 5 6
1 3 4
1 2 3


#правый крест
color 255 0 0
mesh 11 9

10 11 0 0 0 1
11 11 0 0 0 1
11 10 0 0 0 1
12 10 0 0 0 1
12 11 0 0 0 1
13 11 0 0 0 1
13 12 0 0 0 1
12 12 0 0 0 1
12 13 0 0 0 1
11 13 0 0 0 1
11 12 0 0 0 1
#triangles
8 9 10
7 8 10
0 1 10
1 7 10
1 4 7
4 6 7
4 5 6
1 2 4
2 3 4


#правый бок над крестом
color 0 0 255
mesh 8 6

10 18 0 0 0 1
11 17 0 0 0 1
10 16 0 0 0 1
10.7 13 0 0 0 1
12 13 0 0 0 1
12 12 0 0 0 1
13 12 0 0 0 1
13 17 0 0 0 1
#triangles
0 1 7
1 2 7
2 3 4
2 4 7
4 6 7
4 5 6




#правый бок под крестом
color 0 0 255
mesh 9 6

10 11 0 0 0 1
9 10 0 0 0 1
9 9 0 0 0 1
13 9 0 0 0 1
13 11 0 0 0 1
12 11 0 0 0 1
12 10 0 0 0 1
11 10 0 0 0 1
11 11 0 0 0 1
#triangles
0 1 8
1 7 8
1 2 6
2 6 3
3 4 6
4 5 6



#левый рукав крест
color 255 0 0
mesh 8 5

3 11 0 0 0 1
3 10 0 0 0 1
2.3 10 0 0 0 1
2 9 0 0 0 1
5 9 0 0 0 1
5 10 0 0 0 1
4 10 0 0 0 1
4 11 0 0 0 1
#triangles
0 1 7
1 6 7
2 3 6
3 4 6
4 5 6


#левый рукав без креста
color 102 178 255
mesh 7 5
5 17 0 0 0 1
2.3 10 0 0 0 1
3 10 0 0 0 1
3 11 0 0 0 1
4 11 0 0 0 1
4 10 0 0 0 1
5 10 0 0 0 1
#triangles
0 1 3
1 2 3
0 3 4
0 4 6
4 5 6


#левый кулак
color 255 255 204
mesh 6 4

2 9 0 0 0 1
2 7 0 0 0 1
4 7 0 0 0 1
4 8 0 0 0 1
5 8 0 0 0 1
5 9 0 0 0 1
#triangles
0 1 2
0 2 3
0 3 5
3 4 5


#правый рукав крест
color 255 0 0
mesh 8 5

13 10 0 0 0 1
13 9 0 0 0 1
16 9 0 0 0 1
15.6 10 0 0 0 1
15 10 0 0 0 1
15 11 0 0 0 1
14 11 0 0 0 1
14 10 0 0 0 1
#triangle
5 6 7
4 5 7
0 1 7
1 2 7
2 3 4


#правый рукав без креста
color 102 178 255
mesh 7 5
13 17 0 0 0 1
13 10 0 0 0 1
14 10 0 0 0 1
14 11 0 0 0 1
15 11 0 0 0 1
15 10 0 0 0 1
15.6 10 0 0 0 1
#triangles
0 1 3
1 2 3
0 3 4
0 4 6
4 5 6



#правый кулак
color 255 255 204
mesh 6 4

13 9 0 0 0 1
13 8 0 0 0 1
14 8 0 0 0 1
14 7 0 0 0 1
16 7 0 0 0 1
16 9 0 0 0 1
#triangles
0 1 2
0 2 5
2 3 5
3 4 5

#ромбы на штанинах
color 0 255 0
mesh 14 6

7 8 0 0 0 1
6 7 0 0 0 1
7 6 0 0 0 1
8 7 0 0 0 1
7 4 0 0 0 1
6 3 0 0 0 1
8 3 0 0 0 1
10 9 0 0 0 1
11 8 0 0 0 1
12 9 0 0 0 1
11 6 0 0 0 1
10 5 0 0 0 1
11 4 0 0 0 1
12 5 0 0 0 1
#triangles
0 1 3
1 2 3
4 5 6
7 8 9
10 11 13
11 12 13



#левая штанина без ромбов
color 51 25 0
mesh 10 10

5 9 0 0 0 1
6 3 0 0 0 1
7 4 0 0 0 1
8 3 0 0 0 1
9 3 0 0 0 1
9 9 0 0 0 1
7 8 0 0 0 1
6 7 0 0 0 1
7 6 0 0 0 1
8 7 0 0 0 1
#triangles
0 6 5
0 7 6
5 6 9
0 1 7
1 7 8
1 2 8
2 8 9
2 3 9
3 4 9
4 5 9



#правая штанина без ромбов
color 153 76 0
mesh 11 11

9 9 0 0 0 1
9 3 0 0 0 1
12 3 0 0 0 1
13 9 0 0 0 1
12 9 0 0 0 1
11 8 0 0 0 1
10 9 0 0 0 1
11 6 0 0 0 1
10 5 0 0 0 1
11 4 0 0 0 1
12 5 0 0 0 1
#triangles
0 1 8
0 8 6
5 6 8
5 7 8
3 4 5
3 5 7
3 7 10
3 10 2
2 9 10
1 2 9
1 8 9


#левый ботинок
color 255 0 0
mesh 4 2

5 3 0 0 0 1
2 1 0 0 0 1
9 1 0 0 0 1
9 3 0 0 0 1
#triangles
0 1 3
1 2 3


#правый ботинок
color 102 0 0
mesh 4 2

9 3 0 0 0 1
9 1 0 0 0 1
17 1 0 0 0 1
14 3 0 0 0 1
#triangles
0 1 2
0 2 3

#finished




pushTransform # сохранить отправную точку
scale 0.7
pushTransform
#Первый зеленый средний(от левой стороный)
scale 1.5
rotate 180 0 0 1
translate -6 0 0
translate 10 1.5 0
figure
popTransform

#Второй зеленый средний(от левой стороный)
pushTransform
scale 1.5
rotate 90 0 0 1
translate 0 6 0
translate 10 1.5 0
figure
popTransform

#Третий зеленый средний(от левой стороный)
pushTransform
scale 1.5
rotate 210 0 0 1
translate 6 0 0
translate 10 1.5 0
figure
popTransform

#Большой зеленый
pushTransform
scale 3
rotate -90 0 0 1
translate -9 0 0
rotate 220 0 0 1
translate 10 1.5 0
figure
popTransform

#Третий зеленый малый
pushTransform
rotate -30 0 0 1
rotate -90 0 0 1
translate 0 4 0
translate 10 1.5 0
figure
popTransform

#Второй зеленый малый
pushTransform
rotate 30 0 0 1
translate -4 0 0
rotate -30 0 0 1
translate 10 1.5 0
figure
popTransform

#Первый зеленый малый
pushTransform
rotate 60 0 0 1
rotate 180 0 0 1
translate 4 0 0
rotate 30 0 0 1
translate 10 1.5 0
figure
popTransform
popTransform



model 2.25 4.5 0 4.5 8 2
ambient 0.19225 0.19225 0.19225
diffuse 0.50754 0.50754	0.50754
specular 0.508273	0.508273 0.508273
shininess 51.2
mesh 39 31
# голова
0.5 3. 0. 0.0 0.0 1.0 #0 левая щека
1. 4.5 0. 0.0 0.0 1.0 #1 левое ухо слева снизу
0.5 6. 0. 0.0 0.0 1.0 #2 левое ухо слева середина
0.5 7.5 0. 0.0 0.0 1.0 #3 левое ухо верх слева
1. 8. 0. 0.0 0.0 1.0 #4 левое ухо верх середина слева
1.5 8. 0. 0.0 0.0 1.0 #5 левое ухо верх середина справа
2. 7.5 0. 0.0 0.0 1.0 #6 левое ухо крайняя правая
1.5 6. 0. 0.0 0.0 1.0 #7 левое ухо середина справа
1.5 4.5 0. 0.0 0.0 1.0 #8 макушка слева
3. 4.5 0. 0.0 0.0 1.0 #9 макушка справа
3. 6. 0. 0.0 0.0 1.0 #10 правое ухо середина слева
2.5 7.5 0. 0.0 0.0 1.0 #11 правое ухо крайняя левая
3. 8. 0. 0.0 0.0 1.0 #12 правое ухо верх середина слева
3.5 8. 0. 0.0 0.0 1.0 #13 правое ухо верх середина справа
4. 7.5 0. 0.0 0.0 1.0 #14 правое ухо сверху справа
4. 6. 0. 0.0 0.0 1.0 #15 правое ухо середина справа
3.5 4.5 0. 0.0 0.0 1.0 #16 правое ухо низ справа
4. 3. 0. 0.0 0.0 1.0 #17 правая щека
3.5 1.5 0. 0.0 0.0 1.0 #18 правая скула
2.5 1. 0. 0.0 0.0 1.0 #19 подбородок справа
2. 1. 0. 0.0 0.0 1.0 #20 подбородок слева
1. 1.5 0. 0.0 0.0 1.0 #21 левая скула
# глаза
# левый глаз
1.5 3.5 0. 0.0 0.0 1.0 #22 левый глаз слева верх
1.5 3. 0. 0.0 0.0 1.0 #23 левый глаз слева низ
2. 3. 0. 0.0 0.0 1.0 #24 левый глаз справа низ
2. 3.5 0. 0.0 0.0 1.0 #25 левый глаз справа верх
# правый глаз
2.5 3.5 0. 0.0 0.0 1.0 #26 правый глаз слева верх
2.5 3. 0. 0.0 0.0 1.0 #27 правый глаз слева низ
3. 3. 0. 0.0 0.0 1.0 #28 правый глаз справа низ
3. 3.5 0. 0.0 0.0 1.0 #29 правый глаз справа верх
# ушные раковины
# левая ушная раковина
1. 5.5 0. 0.0 0.0 1.0 #30 нижняя точка
1. 7. 0. 0.0 0.0 1.0 #31 верхняя левая
1.01 7. 0. 0.0 0.0 1.0 #32 верхняя правая (дополнительная)
# правая ушная раковина
3.5 5.5 0. 0.0 0.0 1.0 #33 нижняя точка
3.5 7. 0. 0.0 0.0 1.0 #34 верхняя правая
3.49 7. 0. 0.0 0.0 1.0 #35 верхняя левая (дополнительная)
# нос
2. 2.5 0. 0.0 0.0 1.0 #36 сверху слева
2.5 2.5 0. 0.0 0.0 1.0 #37 сверху справа
2.25 2. 0. 0.0 0.0 1.0 #38 низ
# треугольники
0 7 23 # левый большой треугольник от щеки до глаза
1 30 7 # нижняя часть левого уха
1 2 4 # больший треугольник левого уха
2 3 4 # левая верхушка левого уха
4 5 31 # верхушка левого уха
5 31 32 # тонкий треугольник сверху
5 32 7 # с двумя пунктирными ребрами
5 6 7 # правая верхушка левого уха
32 7 30 # середина левого уха
8 9 22 # лоб сверху
9 22 29 # лоб справа
24 25 27 # между глаз левый
25 27 26 # между глаз правый
0 17 36 # большой под глазами
36 37 17 # от носа до правой скулы
0 36 21 # левая щека
36 38 21 # слева от носа
38 20 21 # под носом слева
38 19 20 # самый нижний
38 18 19 # под носом вправа
37 18 38 # справа от носа
37 17 18 # правая щека
17 28 10 # большой треугольник справа
10 33 16 # нижняя часть правого уха
16 13 15 # большой треугольник правого уха
13 14 15 # правая верхушка правого уха
12 13 34 # верхушка правого уха
12 34 35 # тонкий треугольник сверху
12 35 10 # правый треугольник с синим пунктиром
10 11 12 # левая верхушка правого уха
10 35 33 # средняя часть правого уха


pushTransform
scale 0.5
pushTransform
#Большой синий
scale 3
rotate 60 0 0 1
rotate -90 0 0 1
translate -9 0 0
rotate -40 0 0 1
translate 10 1.5 0
figure
popTransform

#Первый средний
pushTransform
scale 1.5
rotate 120 0 0 1
rotate -270 0 0 1
translate -6 0 0
rotate -45 0 0 1
translate 10 1.5 0
figure
popTransform

#Второй средний
pushTransform
scale 1.5
rotate 180 0 0 1
rotate -90 0 0 1
translate 6 0 0
rotate 45 0 0 1
translate 10 1.5 0
figure
popTransform

#Первый малый
pushTransform
rotate -90 0 0 1
translate -4 0 0
translate 10 1.5 0
figure
popTransform

#Четвертый малый
pushTransform
rotate 240 0 0 1
rotate -90 0 0 1
translate -4 0 0
rotate -60 0 0 1
translate 10 1.5 0
figure
popTransform

#Второй малый
pushTransform
rotate 300 0 0 1
rotate -90 0 0 1
translate -4 0 0
rotate -120 0 0 1
translate 10 1.5 0
figure
popTransform

#Третий малый
pushTransform
rotate 360 0 0 1
rotate -90 0 0 1
translate -4 0 0
rotate -180 0 0 1
translate 10 1.5 0
figure
popTransform
popTransform