frame 9.5 14.
color 255 69 0 # цвет серый
thickness 2   # толщина 2
path 26
#ведро
2. 4.
2.5 4.
2.5 4.
4. 3.5
4. 3.5
3. 3.
3. 3.
1.5 3.
1.5 3.
0.5 3.5
0.5 3.5
2. 4.
4. 3.5
4. 3.
4. 3.
3. 2.5
3. 2.5
3.5 2.
3.5 2.
1. 2.
1. 2.
1.5 2.5
1.5 2.5
0.5 3.
0.5 3.
0.5 3.5

#Правое ухо
color 255 69 0 # цвет коричневый
thickness 2   # толщина 2
path 8
5.5 13.5
6.5 12.5
6.5 12.5
6.5 11.75
5.5 13.5
4.5 12.5
4.5 12.5
4.5 11.5

#Левое ухо
color 255 69 0 # цвет синий
thickness 2   # толщина 2
path 16
6.5 11.5
7.5 12.
7.5 12.
9. 12.
9. 12.
8.5 10.5
8.5 10.5
7.75 10.
7.75 10.
8. 10.5
8. 10.5
8.5 11.5
8.5 11.5
7.5 11.5
7.5 11.5
8. 10.5

#Голова
color 255 69 0 # цвет оранжевый
thickness 2   # толщина 2
path 12
7. 11.5
6. 12.
6. 12.
4.5 11.5
4.5 11.5
1. 8.
1. 8.
6. 8.
5.5 8.
7.5 9.
7.5 9.
7.75 10.

#Нос
color 255 69 0 # цвет жёлтый
thickness 2   # толщина 2
path 6
1. 8.
2. 8.
2. 8.
1.5 8.5
1.5 8.5
1. 8.

#усы
color 255 69 0 # цвет жёлтый
thickness 2   # толщина 2
path 4
0.5 10.5
2. 9.
2. 9.
1.5 10.5

#рот
color 255 69 0 # цвет жёлтый
thickness 2   # толщина 2
path 6
4.5 8.
6. 9.
6. 9.
6.5 9.5
6. 10.
7. 9.

#глаза
color 255 69 0 # цвет жёлтый
thickness 2   # толщина 2
path 34
5. 11.
4.5 11.
4.5 11.
5. 10.5
5. 10.5
5. 11.
4.5 11.
4. 10.5
4. 10.5
4. 10.
4. 10.
4.5 10.
4.5 10.
4.5 10.5
4.5 10.5
4. 10.5
4.5 10.
4.5 9.5
4.5 9.5
5. 9.5
5. 9.5
5. 10.
5. 10.
4.5 10.
5. 9.5
5.5 10.
5.5 10.
5.5 10.5
5.5 10.5
5. 10.5
5. 10.5
5.5 10.
5. 10.5
4.5 10.

#тело
color 255 69 0 # цвет жёлтый
thickness 2   # толщина 2
path 12
4.5 6.5
4.5 7.
4.5 7.
5. 8.
6.5 8.5
7.5 6.5
7.75 5.25
7. 4.
7. 4.
5.5 3.5
5.5 3.5
4.5 4.

#левая рука
color 255 69 0 # цвет жёлтый
thickness 2   # толщина 2
path 18
5.5 7.5
6. 7.
6. 7.
4.5 5.5
4.5 5.5
4.5 5.
4.5 5.
5.5 4.5
5.5 4.5
6. 5.
6. 5.
6. 5.5
6. 5.25
5.5 5.25
6. 5.5
5.5 5.5
5.5 5.5
6.5 6.5

#правая нога
color 255 69 0 # цвет жёлтый
thickness 2   # толщина 2
path 10
4.5 4.
4. 2.
5.5 3.5
5. 2.
5.5 1.
5. 0.5
5. 0.5
3. 0.
3. 0.
2.5 0.5

#левая нога
color 255 69 0 # цвет жёлтый
thickness 2   # толщина 2
path 12
5.5 3.5
6. 2.5
7. 4.
7. 3.
7.5 1.5
8. 0.5
8. 0.5
6. 0.
6. 0.
5. 0.
5. 0.
5. 1.

#хвост лисы
color 255 69 0 # цвет жёлтый
thickness 2   # толщина 2
path 20
7.75 5.25
9. 3.
9. 3.
8.5 2.
8.5 2.
6.5 1.
6.5 1.
5. 1.
5. 1.
3.5 0.5
3.5 0.5
1.5 0.5
1.5 0.5
4. 2.
4. 2.
5. 2.
5. 2.
7. 3.
7. 3. 
7.75 5.25

#тело петуха
color 255 69 0 # цвет жёлтый
thickness 2   # толщина 2
path 14
4. 7.
2.5 6.5
2.5 6.5
2.5 6.
2.5 6.
3. 5.5
3. 5.5
4. 6.
4. 6.
4. 5.
4. 5.
4.5 4.
7. 5.5 
4. 7.

#чет ниже головы
color 255 69 0 # цвет жёлтый
thickness 2   # толщина 2
path 8
2.5 6.
2.5 5.
2.5 5.
3. 5.5
3. 5.5
3.5 5.
3.5 5.
4. 6.

#чет выше головы
color 255 69 0 # цвет жёлтый
thickness 2   # толщина 2
path 16
4. 7.
4. 7.5
4. 7.5
3.5 7.
3.5 7.
3.5 7.5
3.5 7.5
3. 7.
3. 7.
3. 7.5
3. 7.5
2.5 7.
2.5 7.
2. 7.
2. 7.
2.5 6.5

#правое крыло
color 255 69 0 # цвет жёлтый
thickness 2   # толщина 2
path 4
5. 7.
2.5 8.5
2.5 8.5 
3.5 7.5

#левое крыло
color 255 69 0 # цвет жёлтый
thickness 2   # толщина 2
path 14
5. 6.
4.5 6.
4.5 6.
4.5 3.5
4.5 3.5
6.5 4.
6.5 4.
6.5 5.
6.5 5.
5.5 6.
6.5 3.5
6. 5.
6.5 4.
5.5 5.

#хвост петуха
color 255 69 0 # цвет жёлтый
thickness 2   # толщина 2
path 32
9.5 6.5
9. 7.5
9. 7.5
8. 7.5
8. 7.5
7. 5.5
7. 5.5
7. 5.
7. 5.
8. 7.
8. 7. 
9.5 6.5
8. 7.
9. 6.5
9. 6.5
9.5 5.5
9.5 5.5
8. 6.5
8. 6.5 
7. 5.
7. 5.
8.5 6.
8.5 6.
9. 5.
9. 5.
8. 4.
8. 4.
8.5 5.
8.5 5.
8.5 5.5
8.5 5.5 
7. 5.

#глаз петуха
color 255 69 0 # цвет жёлтый
thickness 2   # толщина 2
path 10
3.5 6.5
3. 6.5
3. 6.5
3. 6.
3. 6.
3.5 6.
3.5 6. 
3.5 6.5
3. 6.5 
3.5 6.








